case_colors <- c("#FFFFFF", "#236552", "#FAC441", "#BD3427")






