positivity_colors <- c("#2B9C8E", "#51B785", "#C5D792", "#ECC686", "#ECA376", "#BD3427" )


